25
47
154
207
208
367
472
572
595
672
857
861
1017
1019
1020
1021
1022
1025
1026
1027
1050
1051
1385
1386
1387
1432
1457
1459
1499
1978
2033
2099
2308
2353
2475
2764
2931
2932
3017
3552
3725
3784
3925
3936
4088
4137
4654
4846
5127
5308
5348
5499
5500
5501
5504
5511
5566
5567
5568
5576
5577
5594
5595
5599
5601
5663
5728
5770
5925
5934
6011
6195
6196
6197
6198
6241
6262
6446
6667
6714
6774
6790
7157
7249
7421
9252
9479
10000
10142
10485
10763
11140
11200
11215
26471
54866
55607
55869
84152
91768
153743
158798
983
9495
9590
84254
896
894
84687
