142
472
545
571
580
641
672
675
890
891
983
1017
1111
1457
2175
2176
2177
2178
2187
2188
2189
2237
2547
2956
3014
3364
3667
3978
3980
3981
4292
4361
4436
4616
4683
4999
5111
5422
5424
5425
5426
5427
5429
5557
5558
5591
5727
5810
5883
5884
5885
5888
5932
5965
5981
5982
5983
5984
5985
6117
6118
6119
6613
7013
7014
7150
7153
7155
7156
7157
7158
7486
7515
7518
7520
8243
8554
9656
10111
10714
11073
11200
11277
23649
25913
26277
51720
54107
54386
54921
55120
55655
55775
56655
57697
57804
63922
64421
65057
79840
200558
201254
378708
9557
84142
80010
995
3087
80233
79075
