156
367
596
672
775
891
1051
1053
1058
1386
1387
1432
1827
1956
2002
2033
2056
2057
2068
2071
2099
2113
2114
2353
2908
3008
3297
3554
3667
3727
3815
3925
3932
3977
4088
4157
4208
4602
4638
4678
4846
5321
5465
5578
5594
5595
5596
5597
5598
5599
5600
5601
5602
5603
5890
5928
6195
6256
6300
6464
6667
6929
7157
7158
7538
7913
8061
8208
8294
8350
8351
8352
8353
8354
8355
8356
8357
8358
8359
8360
8361
8362
8363
8364
8365
8366
8367
8368
8370
8520
8968
9252
9261
9759
10036
11075
23234
25842
26013
29117
29904
51230
51460
55148
55352
55355
55723
79711
121504
440093
554313
995
8550
6640
9682
