57697
672
7014
64421
8243
10856
641
7157
5883
2187
84126
8924
4999
55120
472
4436
6613
10111
9577
5424
4437
22976
21975
9557
580
7156
5378
2178
2189
4683
2956
1466431
84142
4361
5395
22909
83990
5981
6117
5422
571
7520
11073
2188
7316
2547
3667
4616
5111
9400
5932
5982
5557
545
5893
5888
8554
5985
201254
11200
4171
56852
9025
1763
5810
675
236930
5591
6118
63967
3087
79648
4595
9156
2237
5983
353497
6119
854067
80233
100526739
1111
2177
3280
3014
79184
80010
5230
116028
3364
3837
7486
5884
9656
7158
5885
2175
91442
2703458
51720
27330
2176
199990
14088
29935
7507
56916
4292
79968
5984
5727
23624
