1030
672
7157
2113
3002
4316
7329
6670
5594
5241
3172
2908
6774
1050
23411
6597
6688
5371
8202
23426
6464
860
4609
861
5469
1487
2057
1024
5970
467
2309
6776
3065
2624
3066
4790
2033
1499
100506742
8289
6601
1387
2100
6599
6772
7067
10499
22938
596
8850
5468
7341
7704
7316
142
5595
5914
3554
4088
6256
9325
16211
9759
6602
6777
8648
6605
9611
4846
10498
3091
2353
2189
7421
5451
6714
23054
2099
1385
3725
8554
7155
51341
5925
3815
6598
367
4087
8841
155871
5105
2068
8204
6996
9612
602
4089
2308
25942
440093
6497
64332
6667
8805
207
4654
1051
8061
6908
2623
1869
3164
2071
7068
6595
8431
2056
9031
595
995
688
775
2535
