5526
3303
5525
10576
5519
3312
3309
5894
5531
8471
9479
6801
4843
5562
55917
1978
472
1452
1445
7530
5516
29888
6230
6789
80143
22948
3593
1025
5566
10575
29966
51765
7415
10574
10383
3476
117159
6232
4744
6468
5521
3313
7871
56455
5524
5518
1019
151648
6788
3320
25843
5522
6191
55844
8607
7203
5527
5515
203068
11235
3308
653333
8428
5567
5520
9532
5728
11200
155807
1454
1020
80342
3611
155871
790
10014
2197
6950
5591
5529
6188
83992
10694
25895
85369
51400
5261
6222
207
908
10693
57464
135138
4215
3329
54764
51792
26127
22873
112858
151246
55781
10494
3552
5308
92342
68549
6097
5528
