367
467
602
604
672
1024
1385
1387
1958
2033
2056
2071
2099
2100
2101
2113
2114
8841
3091
8850
5469
9412
10001
8648
10499
8202
23054
9611
9612
4800
4801
190
7376
10062
9971
8856
9970
2908
5467
5468
3275
5629
5914
6256
23411
4088
6667
7157
9759
9439
9862
4846
2494
5465
6878
7068
596
1051
1052
80205
10370
6900
150684
2068
2353
2624
51053
23426
9734
3725
2648
51621
7975
81857
4654
4802
8431
10002
3164
8204
5325
5449
10891
5970
6095
6604
6720
6721
6908
10060
995
96764
8061
9794
6506
7067
7421
6258
6722
7329
6714
10847
9325
5105
5241
7391
55662
51341
6464
6882
1030
7485
