207
472
11200
5728
7083
7157
8661
9113
5436
10768
23382
11215
26985
613
1111
1457
1459
1460
8450
8667
1978
8443
64975
23511
10605
11315
65018
5438
6794
6830
9882
60487
25843
6198
60496
121642
9639
23246
10944
10491
91614
1762
159090
80011
85476
84340
54865
10243
11321
51184
2997
3219
3225
55677
9682
51574
55227
56257
10367
65005
64963
51021
54460
10240
23077
92345
7936
55651
55505
9688
84306
5830
23239
23035
5308
5479
5496
55607
84687
5522
26121
10635
23132
51444
163859
55164
6526
79008
84464
6894
6949
7486
57599
5567
9479
51366
219333
57621
121268
63893
8427
7398
91833
55100
56252
10009
51193
