8647
79611
97
55811
124
125
127
130
84890
183
1646
8644
1109
6718
218
7915
79053
23600
51074
384
443
51582
587
9023
1716
1719
1869
2159
2158
50486
2538
2646
2677
51292
2877
9380
2941
3034
54363
3081
6927
3172
3176
4259
318
4947
3175
10058
1244
122622
351
578
54675
10682
10447
2817
79944
9836
10162
10894
4143
55798
4713
9572
53371
5009
65018
55163
10622
79717
81034
6610
6821
9804
10452
401505
54543
7316
80781
100188893
11167
255488
3290
4547
5051
79799
10720
7366
7389
6898
54963
10352
7367
4110
2176
7422
5155
7350
27085
6585
6997
