9821
11345
23411
5594
7249
3082
6198
5564
9479
22863
7533
5894
83667
5565
10542
23216
5289
55062
6009
10325
5595
10000
7531
79109
23710
81631
7157
472
55004
83734
64422
201163
64798
51422
26100
253260
7248
3667
7532
11337
57521
54541
6199
5566
84971
84232
84938
5571
8408
6794
89849
60673
1978
2810
389541
5170
5562
10533
7405
30849
440738
55102
1456
2475
8678
6446
28956
200186
9474
58528
5567
5563
5728
115201
7529
64121
1979
4303
84557
23130
9882
2308
10670
10971
11200
8878
84335
55054
208
572
9706
5599
26471
7534
153129
23192
55615
2309
79065
53632
8649
9140
1977
55626
9776
207
64223
107080638
