2067
5982
4616
5427
6119
10635
2178
4292
3280
4436
2956
51426
8554
6117
3364
83990
11073
580
79728
54962
7515
3978
10714
56852
4683
57697
23624
6233
472
2177
2176
84464
64399
5885
7486
7314
3667
2237
57599
80198
378708
116028
2072
55215
5883
57804
63967
80010
348654
5426
84126
4361
2188
5727
80233
5889
10524
7398
545
641
100533467
1763
5893
5980
7516
22909
9937
9156
142
29089
64858
5429
6118
54107
7507
2189
10111
5111
5983
675
5981
5810
7158
11200
5888
2175
201254
5984
144715
146956
2187
5932
199990
55120
7311
1111
5424
5985
672
5890
56655
5884
353497
7316
7156
8914
7517
197342
91442
83695
5425
