23411
5594
3162
3560
3002
4313
2057
3082
1440
6347
3558
595
4254
3458
2597
1432
3565
3567
2056
3845
5156
4316
999
5159
5595
2033
3553
3574
5290
2247
6774
3383
1950
775
3480
7157
2064
3578
1956
1030
2071
5468
3815
5291
6777
3600
3562
1437
4846
6778
598
3479
3667
3596
2353
3576
8061
836
3952
5105
995
4312
2535
64332
3563
4088
857
440093
5781
6776
3716
1499
405
6772
2475
9846
5743
3570
4893
3725
5728
4318
6714
7099
3561
367
8660
5293
2189
1906
2308
3559
3717
2068
2885
5599
3566
3630
596
1439
5970
3569
3554
1385
6654
5777
3718
1438
7124
6464
2099
3635
3265
3568
3586
627
5295
4067
3091
207
7422
4609
