8554
2176
23624
5727
5894
3324
367
11140
6714
207
3320
2175
208
7015
2099
4846
10000
1147
2308
2289
7182
3326
3551
4214
673
3303
1326
3312
10010
8517
29110
3309
5970
6885
4790
113457
3313
4793
4794
4792
4791
3305
9020
7278
5971
5966
805
10382
203068
23118
801
7186
9641
1213
808
10454
4215
92609
8737
71
11035
7132
790
8717
3301
9532
7133
3310
7314
7185
8767
7189
347733
7316
8607
708
409
6233
7311
841
408
3654
331
150684
4646
220717
7534
5591
7415
1917
6156
2734
6207
6128
1654
2969
8454
10856
6232
6188
9349
6205
10985
292
6217
7532
6202
3014
6141
6208
6224
4869
6191
6135
6129
6130
5708
6132
4738
7533
6137
3035
50649
9040
6897
6323
83939
11269
2072
8883
10436
3735
8349
9063
4736
8453
4174
8450
8065
1642
4173
8452
6125
8451
6155
6133
1938
6165
6749
6160
6228
6612
6210
5111
6201
9045
6194
6152
6136
728937
6187
6159
6154
6144
9129
1915
23450
2091
6181
6189
6146
6204
6229
4904
6169
6222
6206
6218
25873
6122
6223
2197
6161
6171
140032
6192
6167
6227
6231
6164
6170
497661
3921
6209
6173
6230
6234
6193
6235
6176
6124
6203
6175
6138
6134
