26471
3977
7476
5567
4214
3486
6772
3593
5608
8324
5893
91949
10683
23152
51077
171023
2810
84699
3265
3159
10125
9314
4233
148327
2353
5566
3066
11213
5308
2264
3592
2625
5535
9479
5781
5728
2619
56034
1281
4087
4292
2530
5801
55294
51365
11200
83607
7143
116379
4803
4850
472
4869
1978
1302
4193
207
673
4194
7157
1457
1459
2287
572
857
2099
5595
5599
1432
1386
5594
2764
9252
5601
3667
1051
6196
6195
7249
9261
3297
5600
29904
6300
8550
3925
5597
5602
1827
5596
5321
7538
5598
11075
5603
4602
156
4157
4208
1053
4638
596
891
6256
5465
6640
2908
6929
1387
2113
8352
3856
5371
3725
2033
2932
6667
5970
6774
367
23054
4088
6722
6197
1385
5925
672
1026
1027
983
595
861
860
1050
8202
8648
7421
9612
6597
3065
1869
8841
9611
4654
2114
602
5468
10499
3091
7316
10891
896
5914
573
8850
3164
5469
7067
5451
1022
1021
1017
142
6714
7704
1019
1499
3172
2308
4089
10987
208
5770
1020
5604
4609
5499
1025
4137
2931
6598
6599
2623
6886
6908
4790
6688
2002
84152
6595
6601
2959
5430
6602
1024
9412
2962
54760
6604
6603
2965
10589
892
2960
2071
6605
2967
2100
25942
6872
8289
86
57492
5928
51742
7155
3621
5931
9219
8819
1108
57459
6880
53615
5977
8932
53981
10284
6878
8189
4297
6883
5929
23028
1107
11091
8467
5901
3320
9031
2969
7528
11198
3516
3308
23309
60
9112
23186
9203
7750
54815
1487
51317
64426
3054
