8554
2176
23624
5727
5894
10253
81848
7016
10252
7528
7376
4734
868
7322
867
7332
83737
2629
3308
7535
23295
4193
1399
25
1956
2066
2885
2065
7409
6464
1398
5296
2064
6654
5295
5781
6850
5335
9846
6714
613
27
4233
10006
3055
5921
1796
3815
3635
5777
3932
2185
5336
2057
2549
3717
5159
5747
2534
4690
3937
4067
55824
11184
30011
29760
6452
27040
8651
3702
2321
2887
3643
3480
3667
5788
3716
7006
5795
3791
1445
10657
6461
50807
17444
23607
6655
9402
1785
2690
5782
9564
5829
5770
4914
2889
857
5787
7454
6776
6777
3560
6774
3718
5156
10603
695
7297
8660
3320
2260
2268
660
5800
6772
1439
2242
3326
1436
7525
10188
9021
3572
558
8503
8440
3636
5979
10818
10580
84959
10278
2213
5594
930
238
10451
5793
7010
9046
10750
4739
5175
17196
55715
79705
5595
7410
356
5290
7316
5796
919
26191
940
916
9743
1499
1969
6503
2322
7852
5771
1441
3454
128853
3561
5753
8751
8471
5580
7132
5291
4582
1795
2241
2017
8853
4145
53358
4915
3566
30837
11183
7275
8835
5618
5062
2263
5058
5170
207
4486
3312
3575
3309
3690
6198
1600
29763
1759
81504
51517
51429
5599
