26471
3977
7476
5567
4214
3486
6772
3593
5608
8324
5893
91949
10683
23152
51077
171023
2810
84699
3265
3159
10125
9314
4233
148327
2353
5566
3066
11213
5308
2264
3592
2625
5535
9479
5781
5728
2619
56034
1281
4087
4292
2530
5801
55294
51365
11200
83607
7143
116379
4803
4850
472
4869
1978
1302
4193
155871
207
5524
2033
3659
1387
6659
7157
8850
28996
7161
5371
1457
5970
6667
672
3725
3065
595
1489079
5925
6774
3091
367
8841
860
1051
861
6597
4088
4609
2908
8202
9612
7421
5594
23411
2309
2099
1869
10524
1050
1499
6908
6595
23054
3172
8648
5468
9611
6256
5914
10499
4790
602
9759
7341
467
142
5451
7329
1487
6996
7067
5591
2113
6688
1385
6722
4654
7528
6670
8554
1147
5241
6714
10498
23426
2100
8805
6776
4089
1386
2624
3727
8431
5595
5599
9063
4261
3164
6599
25942
6598
6605
10155
4602
6497
22938
7704
2623
6601
5469
7068
8204
1024
7376
51341
6720
2648
6613
7155
4851
2547
1616
121504
27043
9971
8350
5928
1107
7153
7520
10014
604
51564
10320
1108
7316
79718
10891
6304
6886
3297
6612
10401
51588
7158
1786
9219
23028
9112
7181
6839
5931
5933
53615
64919
10765
2122
3726
3276
9734
9031
8467
7150
3020
6602
8289
3621
2932
1655
10521
56916
6929
23186
8290
80854
6878
7391
8295
6721
3014
23468
86
3622
4204
8819
6880
10856
6657
57504
54815
8932
57459
23309
196
4094
5926
126961
10919
9439
9325
5430
4841
9862
4297
1874
3054
4221
