1101
7976
1280
2068
775
1869
2057
90993
2903
64332
3207
3559
1030
8317
8449
3815
4316
8061
3680
5228
1026
2071
100506742
5599
1050
1649
1054
11016
55509
9586
1053
467
468
10538
3725
3726
1386
2354
3727
2353
2355
1628
116071
1051
7975
10011
3131
1387
4097
1052
2033
22809
122953
4094
9935
60468
4779
23764
571
3238
4778
4780
9603
4783
10488
1489079
3065
6688
5925
595
466
6774
6689
2623
8841
2624
860
367
861
2113
5371
9612
2908
6597
6667
4088
5970
3066
3091
8850
1385
7528
672
7157
4609
8202
5594
6908
155871
6595
4790
2099
9611
9759
23411
8648
7421
23054
5914
5468
6256
7704
8805
604
25942
51341
7341
6670
10499
7067
6996
5451
5241
6613
142
3172
5595
7068
8204
196
5591
9734
1024
6598
6599
8431
6605
6601
7155
10498
4087
2100
6776
6714
1499
2034
4089
2122
9063
8554
4654
22938
7329
6497
1487
602
10524
4602
6772
207
4193
2308
3164
5469
7376
2309
1457
6722
23426
10401
10155
1107
6612
6304
51588
7316
5933
3659
2648
6720
1874
2274
2547
3297
7161
6721
4851
5928
10320
1108
1786
6839
6886
23028
9112
7181
9219
53615
5931
64919
8350
10765
10014
51564
79718
121504
27043
1616
9031
8467
7520
9971
3276
9314
5325
7391
6878
8295
6929
6925
9439
80854
3054
10891
