1101
7976
1280
2068
775
1869
2057
90993
2903
64332
3207
3559
1030
8317
8449
3815
4316
8061
3680
5228
1026
2071
100506742
5599
6718
5336
79930
2207
54923
5335
7462
6452
5364
29760
27071
2321
7409
3702
3937
3791
27040
9846
5295
58512
3400
56955
2137
116986
8288
7275
11184
9229
2690
4058
10278
933
7454
9749
5156
10618
5175
4915
85358
9963
2263
2549
940
30837
930
4914
6853
5979
558
64714
7535
3667
4690
8867
9892
57569
8503
10818
55785
118788
5291
400745
94015
5290
644150
1465
5287
147179
285590
112574
9732
5296
177
8491
6655
30811
3636
94134
8853
5795
28964
10617
50807
2197
54521
5782
55698
57606
8660
140885
9644
26469
79084
11183
5501
54206
10165
11188
293
26292
7456
8976
7006
868
10787
10451
7529
6654
7534
292
9146
9050
613
5536
63916
26052
10454
5495
5499
1445
80005
23607
6464
7251
1759
55795
3010
116985
5930
11180
5159
867
1398
58513
5781
857
1956
83447
9564
103
7533
4486
367
56943
8341
2064
2885
1911
55766
53347
100131997
8343
6406
57091
55616
8575
7846
114928
5648
728841
4744
128312
440689
274
85235
8331
92815
291
85236
3017
8338
8334
478
3013
6193
8329
23644
8348
8345
5096
3018
5095
8342
56922
158078
1915
1152
723790
8471
54145
80273
6164
8970
64087
8349
6206
6224
11273
3945
8335
