26471
3977
7476
5567
4214
3486
6772
3593
5608
8324
5893
91949
10683
23152
51077
171023
2810
84699
3265
3159
10125
9314
4233
148327
2353
5566
3066
11213
5308
2264
3592
2625
5535
9479
5781
5728
2619
56034
1281
4087
4292
2530
5801
55294
51365
11200
83607
7143
116379
4803
4850
472
4869
1978
1302
4193
5468
7141
997
64768
9337
10943
8550
5710
54765
79745
9084
6728
2257
26582
196472
54934
1962
64097
116832
169693
441525
6156
8187
85417
163778
79739
285172
6159
222171
51274
9324
28955
84337
25901
25906
6234
121053
79571
9166
9086
152007
51372
6146
55693
10244
51633
900
29950
6147
5303
7866
55633
147841
10635
22826
1780
57606
4133
3164
51406
27445
414918
10589
28227
5423
7867
79169
7013
26155
11333
813
57696
7443
51491
65265
27338
10537
6790
65123
1459
9733
7157
493753
23462
11091
57662
57690
9611
4150
9070
3161
54432
84437
90390
3224
9055
256714
10469
55255
79165
26019
84256
3205
112950
54552
5881
85456
51124
4487
51762
10762
55197
11066
10427
5054
6165
55954
9321
79724
55599
4082
10393
51512
11079
11073
8480
10081
3225
57819
3219
9631
571
1277
3945
7024
1329
2950
10755
10036
1503
80097
81610
7846
51592
6232
83855
6169
25
140735
23543
6135
7014
6635
91582
6204
10652
7295
55165
51715
3842
10282
10567
5430
221150
29080
6201
6205
4741
1674
6208
9274
790
57599
84790
6191
51024
7514
4288
25842
9342
8453
23332
10121
10627
83443
3007
9919
10659
55207
26065
26121
400
9991
51645
54815
7018
10493
81608
23234
30000
