8554
2176
23624
5727
5894
246
112
1139
55576
51582
122622
1244
4947
1869
6718
9023
3175
10622
1719
443
7367
9804
54543
100188893
401505
10452
578
7915
65018
4713
7350
6310
4946
4953
51686
6872
97
8398
51728
58478
4149
594
9791
4609
4247
6715
262
8884
8560
53371
5281
5373
1798
7316
29928
64834
2729
2356
5143
27304
10440
57804
5147
6721
51540
9054
63826
29880
9619
2752
5130
3172
318
2941
1109
54963
9380
27034
6581
5166
29968
5716
30834
9572
5210
4547
8647
55577
26515
51227
8818
5277
9091
5283
5279
10682
56548
84890
27085
9836
5009
9956
26061
6307
669
29085
2937
2954
27430
10720
6610
79944
79799
6927
7366
3034
5051
1646
79717
2877
2646
3176
125
8644
7498
7389
9531
27090
51251
55650
139760
221
5714
54363
50486
84720
79611
9994
55798
384
64841
10162
2948
5164
5163
8050
6905
677
29925
3795
51074
6821
124
5145
5158
51535
955
2592
6898
3290
81034
10352
55811
23600
10090
6945
2730
2224
6652
26521
55163
351
3145
1716
54872
127
3029
587
23471
55256
2940
64781
84693
131118
6382
10449
3633
7172
9957
56894
10488
6713
5407
22845
79001
51478
4351
54884
9060
95
51025
64419
8659
7357
6903
51042
4837
22926
4800
11244
7329
6720
3620
79053
79695
4802
1525
54675
4143
4598
80704
5136
51292
9638
4801
4129
8850
2272
10245
27242
9468
113
7391
3399
8908
4124
7108
218
25913
23498
216
3162
435
5236
26277
203
54386
27232
7013
2593
25796
10327
5409
3081
2203
79873
4048
100
5359
84708
1635
221823
396
6391
6392
2053
1788
39
1789
346171
29947
112483
6303
2538
432
5764
5739
55284
123
696
51099
23168
3709
84988
7296
1119
6746
51451
6902
231
4086
246721
3631
1964
23533
2308
2938
3638
3156
11236
51141
30851
342371
9415
617
