9253
5566
3592
5292
5599
171558
8880
1111
472
8890
29949
388585
4851
4854
55534
84441
10046
3280
26508
9794
23493
23462
3516
4853
4855
182
3714
28514
54567
10683
2648
22938
11317
8850
1999
2173
1387
23112
4343
57690
27327
192670
192669
26523
1871
27161
7027
1869
2033
4609
595
3065
894
7088
7089
7091
1021
896
1870
1029
1032
1030
1031
1019
6667
4193
1026
864
2146
7157
2309
1017
892
4089
1028
1875
1027
5933
5925
1874
4088
890
5934
898
8454
993
8900
5928
9134
6500
132660
286826
55957
4605
91750
2305
990
5111
983
1024
891
144455
1163
1018
1164
902
5218
1022
7314
81620
6502
7316
6233
4087
7311
4194
5728
9612
2099
142
3014
865
8342
3017
54145
8345
8341
9611
23309
8340
25942
8348
100506403
3018
8970
85236
2623
55904
255626
8349
3066
161882
9757
55170
8085
58508
84661
9070
23067
3276
9739
8331
4297
94239
3013
8334
8338
5929
474382
3015
2811
55766
11091
23135
8202
9687
8841
23512
7528
8726
3725
5931
10664
7403
5087
5916
5914
5915
22976
23054
3211
5316
3198
1959
3213
9935
6256
4211
5080
1786
5440
3233
5439
5438
3212
5437
7703
5436
5433
3214
3200
5441
5434
3199
5435
5432
5431
3221
3201
84962
3232
3231
23411
23466
7764
2494
1105
440686
6839
8535
80012
6045
6015
1911
1912
84733
57332
672
1386
1108
54815
57504
53615
9219
57459
1107
10014
23028
9112
5978
51564
57167
83933
55869
440689
23186
10919
9015
9013
79101
9014
6908
7270
7343
8819
85235
79685
221613
317772
10284
64426
11176
8932
79885
10013
92815
9759
51317
9734
10524
51742
8467
51548
6907
79718
25855
2122
6615
7101
6591
1789
121536
1788
29115
3720
79595
7867
1822
84232
5468
22823
10849
5252
26147
1487
7329
11335
30834
7913
9031
1958
10933
9577
7341
23030
3622
5926
26038
58516
57649
84215
116092
