1101
7976
1280
2068
775
1869
2057
90993
2903
64332
3207
3559
1030
8317
8449
3815
4316
8061
3680
5228
1026
2071
100506742
5599
1029
1028
1031
896
894
1021
1032
1019
595
1870
1871
1027
1017
7027
5933
5934
1875
898
1874
5925
890
8900
9134
1163
5111
132660
286826
55957
91750
993
4605
990
1018
983
891
1164
902
5218
1022
219771
81620
2305
6502
4609
144455
3065
5928
9133
472
51755
8621
904
905
8812
4331
1025
7157
1111
56647
7465
995
545
994
1033
7153
672
55388
8318
4171
55215
5347
699
4176
6790
6241
9833
4172
4173
7272
64151
5984
55872
4174
4175
9055
7298
22974
5427
51659
51514
4998
9156
701
259266
10403
51203
9319
9212
4085
3832
2237
9787
55165
9232
11339
9768
332
10635
55143
4288
10112
9928
9493
11130
991
3161
54443
55355
10615
1063
11065
24137
1058
54478
11004
56992
23397
29127
83540
10051
55635
79801
1894
4751
55723
83461
26586
10592
1062
9700
10733
10024
113130
8438
55839
79019
9824
79682
157570
79733
151648
54892
9735
9918
221150
57405
5557
11169
5888
26271
55320
51512
10460
220134
3619
3833
81930
54908
157313
29028
5422
29128
150468
6240
9126
57082
54821
55055
5983
5426
147841
5885
2491
8243
64105
23047
23244
64946
9184
151246
81565
348235
23063
57551
55166
401541
91687
8379
55920
79172
