8554
2176
23624
5727
5894
6233
7311
6339
10110
1831
6338
6337
6340
6446
65268
65125
7314
7316
65267
65266
23327
11059
4734
26249
11275
6559
3758
6557
7332
868
57154
8916
143279
25897
10425
26091
255488
9870
57531
127544
7326
55236
10616
7317
7337
10273
79654
57520
84937
135892
89122
64320
9867
57630
51444
154214
55585
54926
64718
55284
221687
84231
140691
89910
90933
55819
91694
9666
92912
158506
8925
25831
81559
9604
55905
57674
80196
4591
55521
51320
114088
56658
63893
63891
10293
23304
6049
148581
29116
55658
23608
65264
151636
27246
23376
55182
131405
51132
7325
90678
90025
118424
84708
9690
64219
10193
23295
84676
22954
10477
223082
10422
22888
79876
51619
51465
197131
997
7328
6478
10075
142678
6477
3093
5930
9354
55008
7327
7318
25847
11146
25898
9320
27338
9820
9730
6047
5071
140739
54778
55070
55175
89890
57542
26046
105369632
146330
51676
51088
92591
64410
10489
283807
9903
201456
92369
23014
79754
401036
140458
55336
122769
54850
150726
51725
144699
142689
142686
84961
222235
140456
80176
285231
51666
26235
27252
51191
53339
10324
140461
136371
90135
80028
26267
127247
84541
26263
84078
79791
200845
142685
26118
126433
8139
84085
26259
140462
115290
140459
84861
51665
4008
140460
7335
26268
80204
93611
55958
390594
84261
26232
64750
79176
10533
7336
7319
10517
8452
7322
154881
7704
114907
8924
9616
9246
26270
6737
26272
26190
6468
26234
7320
25793
26224
8065
9039
899
8651
9817
9040
9978
54461
55294
54620
23291
246184
51433
23194
51343
29882
51529
51434
7324
29945
10393
64682
8453
8697
7428
8881
996
23352
9021
7323
6502
7334
8945
6923
6921
8454
11065
6500
7321
991
23142
55208
90864
123879
140825
56995
55884
84259
29099
122416
55527
56929
10116
28991
149951
51397
23412
54165
51122
9655
9306
54951
54939
170622
150684
28952
55832
8835
1154
2873
51138
