1101
2068
775
2057
64332
1030
3815
4316
8061
2071
100506742
2535
4088
995
2056
10309
6464
3554
4846
2189
440093
596
5105
3002
2033
6667
5578
7157
5599
5594
1432
9261
5601
2099
1051
1386
367
5595
2113
3727
5600
2002
2353
9252
2908
5597
2114
1387
6195
5602
4602
6300
3297
5596
5465
5598
3977
1827
5321
7538
5603
1053
11075
4157
4638
6929
4208
891
156
6640
3925
3667
6256
8550
29904
8352
3932
8357
8356
8355
8354
8353
8351
8358
1956
8968
55148
23234
8350
4678
25842
8208
8520
55723
121504
10036
79711
5928
8361
51230
7158
55352
8368
26013
8370
9682
8366
7913
8367
5890
8364
8365
8362
8363
29117
8360
554313
8294
3008
8359
9759
672
55355
51460
1058
