1101
2068
775
2057
64332
1030
3815
4316
8061
2071
100506742
2535
4088
995
2056
10309
6464
3554
4846
2189
440093
596
5105
3002
2033
6667
5578
7157
5599
5594
1432
9261
5601
2099
1051
1386
367
5595
2113
3727
5600
2002
2353
9252
2908
5597
2114
1387
6195
5602
4602
6300
3297
5596
5465
5598
3977
1827
5321
7538
5603
1053
11075
4157
4638
6929
4208
891
156
6640
3925
3667
6256
8550
29904
8352
3932
8357
8356
8355
8354
8353
8351
8358
1956
8968
55148
23234
8350
4678
25842
8208
8520
55723
121504
10036
79711
5928
8361
51230
7158
55352
8368
26013
8370
9682
8366
7913
8367
5890
8364
8365
8362
8363
29117
8360
554313
8294
3008
8359
9759
672
55355
51460
1058
1616
10419
2885
387893
10013
132660
55957
10014
23468
6839
3065
5931
3020
6597
7534
8467
9611
80854
6599
6598
11091
6595
6601
6908
6602
3066
8841
5925
2623
6872
8819
8290
3621
8289
25942
51742
5371
4297
10284
8189
9219
6880
6878
53981
5929
53615
6883
23028
5901
1107
86
6603
8932
1108
6605
57459
5977
6604
9031
7155
7421
2959
8202
23186
1024
8850
2962
9412
54760
2960
2965
5430
892
10589
2967
1487
9425
10951
9612
8648
602
3164
3725
23054
861
5970
9343
4609
10499
10498
54815
11198
57492
4087
6774
6886
11335
10155
57504
9112
85509
3091
1022
4654
1869
23309
25855
3320
2969
9203
7750
51317
23199
3360
10362
1457
6722
196528
55193
55636
60
51412
142
1017
5757
3308
64426
3054
9739
9070
8473
3312
3309
3326
4790
5451
7528
5914
7704
5469
5468
1025
6830
3516
10891
604
9734
126961
7067
6613
3303
573
5971
8805
3172
8204
11177
2100
6688
4204
1050
4841
6714
7068
595
10987
9325
983
1026
7316
1613
1459
5241
2547
5591
4851
326
6776
860
5933
4089
6996
51592
10401
7329
7341
3622
5926
79595
4193
3146
408
4214
4691
904
4605
196
7161
28996
6721
