8554
2176
23624
5727
3087
5885
27330
2188
4616
3667
2237
5155
64399
2178
641
2187
80010
7156
57697
55120
2189
2175
378708
6117
6119
6118
4292
80233
201254
983
5982
5111
5981
891
5426
890
5424
5422
3978
142
7150
23649
10714
5558
57804
56655
5557
54107
5425
5427
7155
7153
1017
5984
5884
5983
5883
5985
3364
5810
63922
672
54921
79075
5429
11073
10111
4361
2956
4683
472
7520
545
4436
55655
2177
1111
7486
7014
9656
5591
7157
580
3014
5888
2547
64421
54386
7013
26277
3981
7515
9557
200558
11200
675
7158
8243
5932
571
7518
3980
51720
5965
6613
55775
79840
4999
84142
65057
25913
11277
995
1457
328
5423
1026
5395
83990
22909
63967
5378
1869
3065
4609
990
4437
4998
81620
8900
4171
4173
4176
23594
8317
5001
10926
5000
4172
4175
8318
23595
55388
4174
1029
1019
595
9133
5925
5933
1021
5934
1050
2033
1022
51343
1020
1027
25
91768
898
4605
1025
10485
6502
10763
84152
1874
1460
6241
5499
326
5893
894
4194
7314
3725
993
79184
2099
5501
896
4193
5371
7161
1387
367
5757
1459
6667
4654
6597
3066
861
4088
1875
7316
1028
9134
23054
7421
9612
7704
5451
5970
26574
8202
8850
4087
9611
6599
6598
8841
1051
2908
6595
79648
6601
6908
5430
11198
9031
10036
6602
8289
5928
3621
5931
86
51742
25942
6604
6603
9219
6605
1024
8819
1108
8932
57459
5977
53615
6872
60
57492
2959
6880
10284
1107
53981
23028
6878
8189
6883
8467
4297
5929
5901
11091
11177
10274
9112
9126
10735
8295
9343
23186
6886
54815
8290
85509
2962
54760
2965
10589
9412
2960
892
2071
2967
51412
55193
196528
55636
9203
23309
3308
10661
7067
64426
2648
6881
10474
3054
3320
9739
9070
8473
3312
3297
25855
3622
5926
79595
902
4331
2068
2961
2966
2968
5435
5431
5439
5440
