9253
5566
3592
5292
5599
171558
8880
1111
472
8890
29949
388585
572
1386
1432
2115
9252
29904
6195
1051
5600
2764
6197
5595
6196
2353
5594
2002
6548
4776
5601
9261
2099
7249
11075
5597
5321
8550
6300
7538
1827
5596
3977
5603
3925
5602
3297
5598
4157
4638
156
6640
1053
4602
891
4208
5465
6929
6256
8357
8356
8355
8354
8353
8351
8358
8968
55148
8352
23234
8350
4678
8208
25842
8520
55723
10036
79711
121504
8361
51230
55352
8368
26013
7158
554313
9682
8364
7913
8360
5890
8294
8365
8366
8367
29117
8362
8363
8359
8370
3008
55355
51460
1058
10419
387893
9759
5928
132660
55957
10014
23468
11335
10951
6839
7534
2885
8467
672
10013
5931
3065
3020
9425
80854
8290
1387
1616
7290
1613
7157
2033
2113
2908
5925
6597
6598
11091
6595
6599
6872
3066
6601
8841
9611
8819
3621
6602
8289
51742
25942
6908
4297
10284
8189
9219
6880
6878
53981
5929
53615
6883
23028
1107
5901
86
6603
8932
1108
6605
57459
5977
6604
9031
23186
9343
367
7155
7421
8202
6667
2623
2959
1487
8850
8648
54815
5371
9612
3164
5970
602
23054
10155
10498
10499
5468
3725
6774
6886
861
4088
57492
1024
2962
54760
11198
5430
2965
9412
10589
2960
892
5469
2967
4609
4087
2071
57504
9112
85509
3091
1022
1869
5914
1457
1025
6830
3516
4654
6722
10891
196528
55193
55636
1017
5757
2969
9203
23309
7750
51317
7704
23199
3360
9734
25855
10362
3320
3054
64426
5451
7528
9739
9070
8473
3308
142
126961
4790
60
3312
51412
3326
3309
6613
604
11177
7067
595
1026
2932
1050
6688
1385
4204
1459
1027
5591
2547
4851
5971
4841
7316
4193
207
10661
860
5933
4772
5241
6996
7341
3622
5926
8805
79595
10987
3172
4089
7329
10401
2100
8204
51592
6714
2114
983
6720
2308
23411
8431
