9253
5566
3592
5292
5599
171558
8880
1111
472
8890
29949
388585
572
1386
1432
2115
9252
29904
6195
1051
5600
2764
6197
5595
6196
2353
5594
2002
6548
4776
5601
9261
2099
7249
11075
5597
5321
8550
6300
7538
1827
5596
3977
5603
3925
5602
3297
5598
4157
4638
156
6640
1053
4602
891
4208
5465
6929
6256
8357
8356
8355
8354
8353
8351
8358
8968
55148
8352
23234
8350
4678
8208
25842
8520
55723
10036
79711
121504
8361
51230
55352
8368
26013
7158
554313
9682
8364
7913
8360
5890
8294
8365
8366
8367
29117
8362
8363
8359
8370
3008
55355
51460
1058
10419
387893
9759
5928
132660
55957
10014
23468
