8554
2176
23624
5727
3087
5885
27330
2188
4616
3667
2237
5155
64399
2178
641
2187
80010
7156
57697
55120
2189
2175
378708
6117
6119
6118
4292
80233
201254
983
5982
5111
5981
891
5426
890
5424
5422
3978
142
7150
23649
10714
5558
57804
56655
5557
54107
5425
5427
7155
7153
1017
5984
5884
5983
5883
5985
3364
5810
63922
672
54921
79075
5429
11073
10111
4361
2956
4683
472
7520
545
4436
55655
2177
1111
7486
7014
9656
5591
7157
580
3014
5888
2547
64421
54386
7013
26277
3981
7515
9557
200558
11200
675
7158
8243
5932
571
7518
3980
51720
5965
6613
55775
79840
4999
84142
65057
25913
11277
995
1457
