1053
2064
79591
2056
4792
1029
7403
4314
2353
2068
843
11211
4087
994
1969
9134
10110
3553
51406
6830
81611
51575
6688
5599
8600
171392
5595
2115
6195
1432
1051
6197
5594
9252
2764
2002
5600
2099
9261
7249
6196
29904
5601
4776
1387
1386
3297
6300
4602
5597
5321
8550
5596
7538
1827
5602
3977
5598
11075
5603
4157
6640
3925
2113
891
4208
6929
5465
6256
4638
156
2908
7157
8352
8357
8356
8355
8354
8353
8351
8358
55148
8968
23234
8350
80854
25842
4678
8208
8520
55723
121504
10036
79711
5928
8361
51230
55352
8368
26013
9682
8370
7913
8366
5890
8367
7158
8364
8365
8363
8360
29117
8362
554313
8294
8359
3008
55355
51460
1058
387893
9759
1616
10419
23468
10014
6839
3065
672
132660
55957
10013
10951
7534
2885
1613
2033
5931
8290
8467
11335
3020
9425
6597
6790
7290
5925
5371
11091
8841
6598
9611
6599
3066
6595
6601
6872
6908
8819
3621
6602
25942
8289
51742
2623
4297
10284
8189
5929
9219
6880
53981
6878
53615
6883
23028
5901
1107
86
6603
8932
1108
6605
57459
5977
6604
9031
23186
367
6667
7155
9343
7421
8202
9612
2959
8850
1487
3164
8648
11198
1024
5430
2962
54760
9412
10589
2960
2965
892
2967
2071
54815
4609
23054
4088
57492
3725
602
