9253
5566
3592
5292
5599
171558
8880
1111
472
8890
29949
388585
12649
2115
5591
84126
6118
6117
2956
545
11073
5883
4436
3364
4437
5810
7507
79968
7156
57697
641
5893
1763
4683
7486
11277
5888
2237
5111
2703458
672
4361
4292
2177
10111
5981
64421
7520
3014
5884
9025
9656
79648
7158
9400
11200
580
8243
3837
7157
2547
675
10856
5395
63967
9156
7014
6613
5230
7316
83990
5932
51720
84142
9577
79184
571
7341
22909
5378
8924
51588
5982
5984
56916
22976
4609
8467
9126
3065
6597
7153
5430
5371
10524
7155
5983
5426
63922
5985
155871
5422
5557
142
4193
2033
5925
7528
4851
3066
1108
9219
8350
1385
121504
2074
3068
9031
2648
11198
7150
2099
9555
1869
1387
5928
6595
6601
6598
6599
86
1107
3621
25942
10155
2908
6605
8850
23411
5970
6667
1051
6670
367
9611
3091
1786
1050
7329
9112
3725
1029
6304
8554
6774
8841
9063
861
9612
4088
8202
51341
1487
7161
595
1017
1457
10521
23028
7181
5931
53615
6878
1655
1025
1024
6886
64919
4790
10014
8290
3622
8819
4738
3308
326
4221
8607
4176
4172
983
5926
4255
1026
1460
4171
6908
898
5933
1499
602
4000
2353
10498
4691
3020
4297
1616
2113
860
9759
6839
4654
80854
23468
10320
1386
23054
7067
8648
10499
3164
7421
6256
5451
5914
6996
5241
8805
8204
7068
79718
22938
4087
3172
5594
2100
8431
5468
4089
2309
6602
5469
2623
8289
207
2624
7704
9734
7376
2146
6502
8295
6720
6929
890
1489079
1874
5934
7343
3054
6872
7391
5595
3727
467
10987
81620
7314
5300
604
6688
4841
6497
4602
11091
6612
3297
6421
3320
4869
23186
8349
4204
27043
6880
23309
4261
3659
2959
1489531
6657
7530
5245
9252
126961
6772
55193
6871
1642
196
3276
2122
9971
3838
5971
10891
10919
23426
5977
2034
1147
