1053
2064
79591
2056
4792
1029
7403
4314
2353
2068
843
11211
4087
994
1969
9134
10110
3553
51406
6830
1154
3932
9047
9046
5921
1796
3702
5335
3815
10019
5295
940
8651
7006
7409
2057
6464
5336
3717
5781
2065
1956
2885
5296
9846
6850
3635
1399
2549
4067
867
868
7535
5777
2185
6654
6714
613
25
3055
3937
1398
55824
10006
5159
4690
5747
2534
27
5788
3643
3716
3667
10657
2066
1439
2887
3480
1445
3791
5795
2321
2690
27040
6452
11184
6461
29760
17444
6776
6777
5770
3560
3718
6774
4233
919
5782
9021
8660
7297
1441
3572
6772
5156
10603
8503
7454
695
857
4914
5787
2889
6655
9402
9564
5829
50807
30011
23607
1785
5800
7010
5793
2268
10278
1436
3636
10580
3326
660
3320
2260
558
10188
7525
8440
238
10451
2242
5979
10818
5594
2213
930
10750
356
5290
4739
5175
17196
26191
55715
7132
1499
9743
7410
916
7316
6503
2322
5796
5595
84959
5771
5580
5291
4582
3454
128853
79705
5753
8751
8471
1795
5618
8835
2048
2241
2017
8853
4145
53358
4915
23624
5170
30837
7852
7275
10044
355
5578
5599
155871
2904
5587
10399
3566
3561
5588
3690
1600
2533
4068
1759
81504
51517
8935
974
4486
139716
3575
3312
5058
5894
207
5590
3265
4734
