8554
2176
23624
5727
3087
5885
27330
2188
4616
3667
2237
5155
64399
2178
854067
2189
57697
199990
55120
2175
2187
80233
100526739
91442
1466431
201254
80010
7156
641
116028
3280
2177
236930
21975
14088
545
4436
6117
1763
6118
79968
2956
5893
4437
3364
5883
5810
5111
5230
5888
353497
7486
472
1111
6119
29935
7507
4595
2703458
4361
672
4683
84126
5591
4292
10111
11073
5981
64421
7520
8243
9656
580
9400
3014
5884
9025
79648
675
7158
3837
11200
7157
2547
5395
10856
63967
9156
7316
83990
5932
5378
8924
22909
5982
9557
6613
56852
51720
84142
9577
79184
571
22976
5984
56916
4171
4999
7014
5424
5422
5983
5557
5985
63922
5558
5426
4609
8467
4172
9126
64210
5430
6597
7341
7153
4176
11277
5371
983
4255
1017
11198
1457
7150
142
1460
7329
121504
6749
1660
3068
3065
4175
326
10524
4738
7155
3066
1655
10521
2099
4193
155871
1108
2033
8350
1387
9555
7913
9031
8349
2648
1869
5925
4691
7528
4000
1029
4869
5928
6670
8338
1058
3020
10014
9219
10155
7530
1786
6667
3091
4851
23411
3308
5970
8850
6595
1107
8841
1385
6601
8607
6599
3621
25942
6598
86
9611
5931
3622
10933
9112
1051
367
3725
53615
7181
54815
8290
23028
595
6878
8819
7161
2908
1050
861
9612
4088
8202
1616
1487
6908
6304
6774
1025
27043
1024
1026
5926
898
5933
1499
3164
6605
207
2309
60
10498
890
81620
10987
6502
7314
6602
55193
5245
1489531
3838
7343
860
4654
80854
5934
1489079
2353
6872
602
4790
23054
8648
4221
6886
4841
4297
1874
8295
7421
10499
5241
3146
22938
5914
6256
7067
5451
79718
9759
6839
2146
4087
8289
2100
8805
5468
8204
8431
3172
5594
7068
5469
2623
7376
2624
4089
10664
6996
9063
51588
2113
10320
51547
6421
6612
5971
55636
6603
3054
5977
1386
467
3320
1147
