26471
5567
3593
5308
9479
5728
2530
11200
472
1978
3552
3082
5524
5591
207
5515
5527
155871
5518
5525
151648
51792
5528
5519
5529
22873
5526
6097
155807
5520
5516
68549
151246
5521
5522
51400
55844
10575
908
6950
7203
29966
10574
22948
10694
10576
5531
6801
83992
10494
25843
8428
55917
85369
80342
11235
80143
29888
7871
57464
51765
26127
54764
56455
653333
10693
4215
135138
6468
3476
25895
8607
92342
10014
7415
9532
4843
3312
1019
3309
112858
5261
3308
5562
5894
3320
6789
3329
3313
1025
6188
1020
790
3303
6788
203068
10383
3611
1454
8471
55781
4744
1452
1445
117159
7530
6191
6230
6222
6232
2197
5566
