84295
2187
867
84950
5893
3082
5881
9252
2178
5105
4052
10111
2122
785
841
14088
57697
80233
854067
2189
199990
55120
91442
100526739
2175
2188
1466431
2176
201254
80010
7156
641
116028
3280
2177
6117
545
4436
79968
2956
4437
6118
1763
21975
3364
5883
5810
5111
2237
5230
7486
2703458
472
5888
353497
1111
4361
4683
4292
672
5981
84126
11073
5591
64421
7520
5884
3014
9025
9656
79648
7158
675
11200
7157
580
3837
8243
9400
2547
5395
10856
63967
9156
83990
5932
7316
5378
22909
5982
11277
50484
571
5984
51720
56916
6613
84142
79184
9577
22976
56852
6597
7341
9557
142
51588
8924
6119
3065
8467
4609
7153
7155
5371
