84295
2187
867
84950
5893
3082
5881
9252
2178
5105
4052
10111
2122
785
841
14088
57697
80233
854067
2189
199990
55120
91442
100526739
2175
2188
1466431
2176
201254
80010
7156
641
116028
3280
2177
6117
545
4436
79968
2956
4437
6118
1763
21975
3364
5883
5810
5111
2237
5230
7486
2703458
472
5888
353497
1111
4361
4683
4292
672
5981
84126
11073
5591
64421
7520
5884
3014
9025
9656
79648
7158
675
11200
7157
580
3837
8243
9400
2547
5395
10856
63967
9156
83990
5932
7316
5378
22909
5982
11277
50484
571
5984
51720
56916
6613
84142
79184
9577
22976
56852
6597
7341
9557
142
51588
8924
6119
3065
8467
4609
7153
7155
5371
10524
5983
5426
63922
5985
5557
5422
5558
5424
4193
2033
5925
7528
1869
983
155871
1029
7329
121504
1385
8350
1387
3066
6670
3068
7150
2648
11198
9126
1017
1460
4255
4691
2099
6667
1051
5970
23411
4869
10155
367
6595
8850
3091
1050
2908
6599
4851
6598
5928
6601
3621
9031
86
25942
1107
1108
1457
9219
9611
3725
9112
1786
8554
6304
861
4088
8841
9612
51341
9063
6774
4000
860
1487
10014
5931
7181
53615
23028
7161
3020
3622
8290
595
8819
6878
5926
1616
1499
898
4172
9759
1026
6839
5933
890
64919
6886
23468
