1101
2068
775
2057
64332
1030
3815
4316
8061
2071
100506742
2535
4088
995
2056
10309
6464
3554
4846
2189
440093
596
5105
3002
2033
155871
5594
16211
6777
6776
6714
6667
5595
1051
6774
3091
3725
367
2113
1387
860
2908
5371
861
595
3065
8841
9612
6597
7157
5925
672
4609
7421
8202
9611
6599
8648
2353
2099
1050
6595
5970
4790
3066
23054
602
6256
6908
3172
10499
5468
5914
5451
7067
8805
5241
142
6996
8850
23411
1869
8431
6598
1024
4087
2100
6605
10498
8204
6601
25942
4654
22938
3164
1499
9759
23426
7155
7704
7341
2623
6602
8289
9031
51341
7068
5469
9325
2624
6688
4089
6497
207
6772
2309
467
688
7316
2308
1487
7329
8554
6670
1385
9063
10524
4193
3727
7528
604
7376
5591
6613
1655
10401
6720
2648
6721
6722
2274
10891
9971
6604
121504
27043
4851
10155
2547
5599
3726
1386
1432
86
3621
5928
10320
1107
8350
6304
51564
7161
1616
1786
1108
79718
23028
6886
6839
9219
7181
9112
5931
53615
64919
10014
8467
7520
3297
2122
3276
51588
7158
10765
6612
5933
9314
56916
1457
7153
10521
1489079
6929
23186
8295
7391
6878
1874
9734
3020
80854
7150
8290
3622
8819
5977
23468
57504
6657
4204
57459
8932
54815
23309
5926
1147
126961
55636
6603
55193
3014
983
4261
6880
196
4094
4602
3659
4297
3054
4221
5430
6872
2959
10856
10919
9439
5111
7343
6925
1026
4869
5971
2146
3090
4841
6421
5300
1017
898
5934
890
115426
1789
23512
29128
1788
1052
9869
79813
7023
2969
7025
29117
8349
9252
2703458
8607
3308
4791
11315
5927
10001
1029
4691
3159
3146
10664
4000
28996
8535
4152
9555
9839
4086
7750
6498
1489531
5705
9318
2101
5245
2034
6418
9862
2932
6615
5515
3320
25855
5467
1460
8945
4738
4792
6502
10273
3312
5966
3190
10987
7428
60
4208
7530
1660
1111
7314
81620
1019
5501
10013
203068
7514
5499
