26471
5567
3593
5308
9479
5728
2530
11200
472
1978
3552
3082
9113
6794
6198
25843
1457
207
121268
65018
23035
60487
23239
55677
23382
55100
10768
55164
5436
7398
51193
6894
9639
26985
23246
5438
9682
91833
10009
55607
8667
6830
57621
7157
92345
10635
8661
219333
159090
1762
10491
7486
51184
11321
10944
55505
613
5479
57599
55651
84687
8450
7936
23077
1459
56252
51366
10605
6949
10243
60496
84340
51444
163859
8427
11315
8443
80011
84306
7083
84464
23132
23511
51574
5496
2997
5522
79008
3219
3225
9688
56257
11215
121642
85476
9882
5830
63893
1111
6526
10240
1460
54460
10367
54865
65005
64975
26121
64963
51021
91614
55227
