84295
2187
867
84950
5893
3082
5881
9252
2178
5105
4052
10111
2122
785
841
1831
79053
22933
5728
80762
54361
2675
269
80174
23092
84109
81858
641700
283
260425
8975
5156
9863
8314
83729
10468
3623
3624
7049
92
3625
3626
3547
93
91
90
130399
94
25884
23181
10272
11167
3490
6382
90070
6383
2247
6385
6352
4192
7074
9672
8573
5764
5068
5533
6518
6678
1562
1438
1437
2819
462
51042
3909
7043
7041
50487
5817
5196
1462
6347
100506164
6403
6355
6364
2833
284001
6375
1404
6404
6387
6366
4318
6402
5552
1803
3627
7852
4852
6349
2691
116
6373
27151
7432
4283
6863
5697
22943
6367
6356
84433
2920
2695
