1053
2064
79591
2056
4792
1029
7403
4314
2353
2068
843
11211
4087
994
1969
9134
10110
3553
51406
1387
23054
5468
6258
2033
9314
23426
8648
7485
5465
10060
96764
10891
6256
3275
9971
602
9325
2908
5970
10062
9862
7067
10499
7421
2100
8202
8856
5914
5469
7068
367
9612
7376
3164
2099
5241
8841
6506
6722
5467
9611
5449
4654
10002
2624
3091
9759
10847
2494
9970
6604
3725
4605
6720
8850
6667
6908
5916
9794
1024
1051
6095
8204
9412
672
9439
604
10001
4088
6721
2648
2101
5629
8431
190
6310
51586
80205
81857
9443
2034
84246
221504
905
6878
5440
400569
55683
5441
219541
9400
5435
54797
55840
85403
5439
6877
51003
6879
