84295
2187
867
84950
5893
3082
5881
9252
2178
5105
4052
10111
2122
785
841
1831
79053
22933
5728
80762
54361
2675
269
80174
23092
84109
81858
641700
283
260425
8975
5156
9863
8314
83729
10468
3623
3624
7049
92
3625
3626
3547
93
91
90
130399
94
25884
23181
10272
11167
3490
6382
90070
6383
2247
6385
6352
4192
7074
9672
8573
5764
5068
5533
6518
6678
1562
1438
1437
2819
462
51042
3909
7043
7041
50487
5817
5196
1462
6347
100506164
6403
6355
6364
2833
284001
6375
1404
6404
6387
6366
4318
6402
5552
1803
3627
7852
4852
6349
2691
116
6373
27151
7432
4283
6863
5697
22943
6367
6356
84433
2920
2695
2191
2641
2696
9340
3630
1363
3118
3119
1510
3416
4879
4856
1490
7040
2331
7042
1634
1805
53339
6441
1288
1286
27033
3481
2719
89780
7477
2192
176
4314
9510
2199
63827
4317
4316
9507
4312
4323
5045
8741
114815
1896
7130
608
10673
9313
23495
4982
11096
57829
4322
5545
4319
91522
1830
4327
51172
368
2660
649
1289
1290
5617
57045
3914
1294
5367
3918
7784
148
8840
633
8646
5118
1278
2006
7124
652
57338
6442
4060
1277
5549
1280
715
3373
22795
4811
1285
8728
1282
948
1291
1284
2200
43
145270
8292
4145
7436
3690
7373
5265
960
2022
5788
2066
1605
1839
57147
8174
1758
286
6401
23657
570
6693
1464
1604
10544
9019
80852
712
135228
285362
80381
23659
6448
3897
51604
949
11120
11328
346007
2799
79865
2990
50512
53
57552
686
54084
55048
170384
3073
79770
7162
54681
4125
2
54414
29952
4012
94005
1777
3915
537
1889
5033
5284
54495
23654
4864
6782
23065
2548
2348
10491
2629
84193
5660
3675
3703
682
3920
1203
60681
5352
6745
950
1209
1191
6400
4082
201595
10382
3911
427
57136
3685
51449
25777
23385
26270
1200
23420
23225
3916
4074
483
