8554
2176
23624
5727
3087
5885
27330
2188
4616
3667
2237
5155
64399
2178
10894
7422
55576
2817
6585
6997
11167
80781
51582
122622
1244
4947
1869
6718
9023
3175
10622
1719
7367
443
27085
9804
54543
100188893
401505
10452
578
7915
65018
4713
7350
255488
5009
10058
79799
318
3172
7366
10720
79611
2941
6898
1109
54963
218
2538
8647
3176
6927
125
54363
3034
5051
50486
1646
124
55811
79717
3290
2877
2646
183
4547
3081
2158
8644
4110
2677
130
7389
7316
84890
9836
6610
55798
10162
384
79944
51074
6821
81034
10352
23600
97
9380
9572
53371
55163
79053
1716
127
51292
54675
4143
2159
4259
10447
351
587
10682
64781
84693
10449
95
84720
56894
3633
7172
4351
9957
54884
5264
5746
64419
4837
8659
7357
23471
6872
5166
58478
63826
29880
9619
1798
9791
10488
22845
5407
26061
9060
4946
4953
2356
4149
4247
8398
262
8884
4609
51728
5281
5373
10440
57804
594
27304
5143
29928
8560
51540
2729
64834
5147
5130
3145
54872
6715
6713
6581
29968
5716
6945
5210
27034
27430
30834
26515
9956
56548
9054
51227
8818
5277
9091
5283
5279
131118
2752
55577
64841
6721
9994
4800
22926
669
51025
5164
5163
8050
6905
51686
5145
5158
6903
27090
2592
51535
10090
7498
