26471
5567
3593
5308
9479
5728
2530
11200
472
1978
3552
3082
9113
6794
6198
25843
1457
207
121268
65018
23035
60487
23239
55677
23382
55100
10768
55164
5436
7398
51193
6894
9639
26985
23246
5438
9682
91833
10009
55607
8667
6830
57621
7157
92345
10635
8661
219333
159090
1762
10491
7486
51184
11321
10944
55505
613
5479
57599
55651
84687
8450
7936
23077
1459
56252
51366
10605
6949
10243
60496
84340
51444
163859
8427
11315
8443
80011
84306
7083
84464
23132
23511
51574
5496
2997
5522
79008
3219
3225
9688
56257
11215
121642
85476
9882
5830
63893
1111
6526
10240
1460
54460
10367
54865
65005
64975
26121
64963
51021
91614
55227
8826
29088
23234
8237
6418
163033
55844
9092
23136
9533
7375
331
1975
5905
5434
10276
84926
200845
84172
220213
200933
25885
114883
79921
10198
1431
117178
140597
154796
23313
8480
10625
7572
9972
26037
9338
114884
51512
9013
996
29927
26058
1500
2193
5586
10762
7874
10533
5430
2017
6632
9320
1736
6208
23310
79876
10694
3054
6181
10813
5432
1374
51663
56915
3007
10528
80829
8666
6209
7082
10908
6161
123624
6206
123263
2036
5431
8634
118460
6507
4200
3428
65992
6218
8602
10855
79811
6157
10849
1968
8165
6235
57050
54606
58477
11001
6665
79080
113251
3646
64062
8879
6155
5514
85364
84188
56902
5424
9982
8665
51491
9904
27335
51575
6134
8099
6169
64216
54512
10614
8663
79039
113026
10940
22803
79171
1965
161424
1718
84661
3921
51605
7311
6141
51081
7841
8087
11157
115708
6726
25929
64976
7458
55272
6232
126208
10623
6234
54439
549
84273
6144
28973
79922
22894
6173
283742
51121
10199
83443
1981
51504
6205
85865
6202
6210
6183
8664
10658
11224
2332
9416
6203
11187
6231
51642
6154
28974
5437
54867
51163
1962
55153
2058
51203
6230
23223
8570
1478
6634
115207
8662
51023
1308
6207
9878
8668
5965
27258
6130
