1101
2068
775
2057
64332
1030
3815
4316
8061
2071
100506742
2535
4088
995
2056
10309
6464
3554
4846
2189
440093
596
5105
3002
2033
3091
10370
150684
9794
1024
8850
1387
2624
8841
51053
1052
55662
5629
6900
467
7067
7975
6667
4801
6721
6720
51621
367
4800
4802
7391
1385
7157
1958
5325
602
8648
23054
6908
6256
6722
5914
10499
2099
7421
7068
5467
2100
9412
10891
7485
9971
8856
2908
5469
10060
5465
8202
672
9862
5468
3164
96764
9325
23426
5970
7376
10001
10062
3275
8431
6506
2648
2101
6714
8204
9970
2353
6604
2494
9612
6258
1051
4654
6095
23411
5241
190
7329
3725
9611
5449
51341
2114
604
9759
9439
6878
9734
6882
2113
10847
10002
81857
80205
9443
84246
51586
2034
54819
221504
9440
6877
400569
5440
905
5435
6881
5441
54797
8178
5439
219541
55840
85403
55683
51003
6879
9400
9477
6874
9441
4299
5436
6875
23389
22936
892
23097
7802
55588
64794
6837
80306
5433
55035
55090
9282
9442
79871
51184
112950
27125
90390
51433
9968
25909
9969
6873
10025
5438
84319
347
11056
29882
9360
23528
984
29079
55559
7343
23405
55217
1025
23085
3840
5437
3054
5432
6949
5431
6871
904
51366
5430
51747
22985
10921
79050
10013
8697
51504
83860
64682
79009
5434
129685
9150
6884
80237
7314
6607
5411
51602
7273
