9253
5566
3592
5292
5599
171558
8880
1111
472
8890
29949
388585
4851
4854
55534
84441
10046
3280
26508
9794
23493
23462
3516
4853
4855
182
3714
28514
54567
10683
2648
22938
11317
8850
1999
2173
1387
23112
4343
57690
27327
192670
192669
26523
1871
27161
7027
1869
2033
4609
595
3065
894
7088
7089
7091
1021
896
1870
1029
1032
1030
1031
1019
6667
4193
1026
864
2146
7157
2309
1017
892
4089
1028
1875
1027
5933
5925
1874
4088
890
5934
898
8454
993
8900
5928
9134
6500
132660
286826
55957
4605
91750
2305
990
5111
983
1024
891
144455
1163
1018
1164
902
5218
1022
7314
81620
6502
7316
