84295
2187
867
84950
5893
3082
5881
9252
2178
5105
4052
10111
2122
785
841
146956
80010
5889
80198
197342
84464
79728
7156
91442
2188
80233
55120
2176
2189
2175
57697
675
641
2177
29089
2072
9937
22909
199990
353497
64858
2067
201254
55215
7398
57599
378708
84126
6117
6119
5884
5810
545
6118
11073
3364
5883
83990
672
5982
116028
5985
5983
580
5984
1763
5888
9156
5890
144715
83695
7486
7516
5932
4361
4683
7517
1111
472
10524
348654
54962
10635
5429
63967
8914
7314
7316
57804
5111
5981
51426
5427
5424
10714
5425
5426
56655
54107
56852
5980
6233
7311
2237
2956
11200
7507
4436
4292
3978
7515
7158
100533467
142
51455
4171
10038
2547
3981
7520
5591
3980
3280
328
4437
5395
1161
2068
2965
3150
285464
91603
7874
6917
2967
2071
2968
728340
1642
404672
4331
9557
8451
8450
902
1022
5887
1643
7508
10450
9716
56949
27339
9656
5439
5438
5436
5433
5440
5432
5437
5431
5441
9978
5434
5435
8178
2033
6749
5892
25920
100506888
162699
7469
6924
51224
51755
51497
7936
9150
11198
54623
55840
9646
55677
23168
27125
6827
80349
85403
123169
79577
4300
905
6829
4298
8812
904
6830
1025
2963
2962
6921
6923
22916
4686
8732
5423
124739
23514
4173
4172
5422
9401
8731
