1101
2068
775
2057
64332
1030
3815
4316
8061
2071
100506742
2535
4088
995
2056
10309
6464
3554
4846
2189
440093
596
5105
3002
2033
5599
1385
7422
405
627
6774
207
3725
3091
3162
3630
3569
23411
2099
3479
2308
3952
7157
2353
5594
5743
7124
3553
4318
1906
1432
3586
6347
2597
5595
1950
4313
4312
4609
2247
3576
3383
1956
595
999
836
6772
2064
2475
5728
5468
1499
367
857
6714
3265
598
5970
3667
3558
6776
6778
3717
7099
1437
3565
6777
5159
5781
3845
3716
3718
3082
2885
3561
3559
6654
3562
5156
3567
5295
3560
5290
1438
8660
3480
3568
3458
3563
1439
1440
3566
3600
3570
9846
3574
3596
3578
4254
4067
3635
5777
5293
5291
4893
2065
4233
2549
1399
3636
5296
4803
2066
8503
5590
3791
867
5155
5335
2261
2252
3932
2534
284
2322
5771
2263
25759
6850
1398
7525
387
3055
5747
53358
2335
4914
5601
5604
5580
2260
399694
3643
9965
5770
7010
2246
2254
8823
2248
2249
8817
2255
2321
27006
2251
26281
10818
2264
10817
152831
2324
5154
8074
613
4915
5979
5336
4908
2668
9564
2674
1436
5921
1969
3481
7424
25
4916
4909
5879
5228
4804
2185
3320
3084
1839
6198
5829
2889
5906
2268
1942
695
4690
1796
604
1445
7410
640
29760
7409
974
973
27071
