1053
2064
79591
2056
4792
1029
7403
4314
2353
2068
843
11211
4087
994
1969
9134
10110
3553
51406
3725
627
5599
6774
4312
7157
5743
2247
4313
7422
3479
3569
6347
4318
3162
5594
3383
7124
207
3576
3952
4846
3630
1950
3586
1385
2597
1906
1956
5054
999
4609
5595
213
2335
3082
7040
1490
1401
7076
595
960
308
836
7099
6714
1432
2099
8600
7412
6772
6387
6778
3605
3558
3606
3565
1437
3596
3717
3552
1440
3458
6401
6776
6777
598
7097
6348
5970
958
50943
3600
3567
3559
3578
3570
3574
3718
3716
3594
149233
3561
3566
50615
59067
3562
3560
6464
5781
3265
3667
5295
2885
5159
3845
5290
1438
3563
3568
6654
1439
9846
2475
5156
8660
3932
4893
3815
5291
4067
3635
5293
4254
5777
2057
3480
2549
1399
4803
4233
5155
2065
5296
3636
5728
2066
3791
8503
867
5590
5335
2534
6850
2261
2252
284
1398
3055
7525
5747
25759
387
2263
53358
5604
5580
2322
4914
7010
9965
2246
2254
2249
8823
2248
2255
8817
2321
27006
2260
2251
26281
10818
2264
10817
8074
152831
2324
5154
7424
3481
613
399694
4915
4908
1436
9564
5979
2668
5921
2674
5336
4909
4916
3643
5771
5770
7297
25
857
5175
5788
5228
2277
1499
1435
2889
5829
2185
2268
1445
3688
5879
695
940
1796
4690
1942
7409
5906
7410
930
942
640
29760
604
974
7535
973
27071
6198
3690
1493
941
3702
9402
10451
998
5908
5601
3937
100423062
5605
5600
7450
7534
5894
4214
5058
1495
1500
5294
4804
7006
5579
4790
959
3684
2207
27040
2206
2205
8805
146850
5170
208
10018
9046
8440
118788
5578
3320
3084
1839
3674
3685
2244
7094
7423
87
2266
2243
8826
673
7414
3611
54518
54756
7529
369
10827
22866
9715
57670
10256
23164
283455
55109
56829
1185
57085
22906
4140
9061
4000
27044
8087
5037
11044
