1053
2064
79591
2056
4792
1029
7403
4314
2353
2068
843
11211
4087
994
1969
9134
10110
3553
51406
3725
627
5599
6774
4312
7157
5743
2247
4313
7422
3479
3569
6347
4318
3162
5594
3383
7124
207
3576
3952
4846
3630
1950
3586
1385
2597
1906
1956
5054
999
4609
5595
213
2335
3082
7040
1490
1401
7076
595
960
308
836
7099
6714
1432
2099
8600
7412
6772
6387
6778
3605
3558
3606
3565
1437
3596
3717
3552
1440
3458
6401
6776
6777
598
7097
6348
5970
958
50943
3600
3567
3559
3578
3570
3574
3718
3716
3594
149233
3561
3566
50615
59067
3562
3560
6464
5781
3265
3667
5295
2885
5159
3845
5290
1438
3563
3568
