8554
2176
23624
5727
3087
5885
27330
2188
4616
3667
2237
5155
64399
2178
9937
146956
22909
199990
353497
64858
91442
197342
2187
80233
55120
2189
2175
84464
57697
80198
201254
7398
57599
2072
2177
2067
378708
55215
29089
641
80010
79728
7156
5889
675
84126
6117
6119
545
5884
6118
5810
3364
5883
11073
672
5985
83990
5982
116028
5983
3280
5984
5888
580
1763
9156
1111
7486
144715
83695
5890
7516
5932
5893
4361
7517
10111
4683
472
54962
10524
348654
10635
5429
63967
8914
5111
57804
5981
5427
5424
5426
10714
5425
51426
56655
54107
7314
7316
56852
5980
6233
7311
2956
11200
7507
4436
7158
3978
7515
4292
100533467
142
