26471
5567
3593
5308
9479
5728
2530
11200
472
1978
3552
3082
5599
5595
2309
5594
57521
6198
7249
2475
7248
253260
6199
1979
6009
79109
208
64798
84335
64223
55615
207
10000
3667
2308
6446
5170
58528
7529
389541
10542
10325
64121
10670
153129
1977
8649
28956
5562
55004
5563
9776
9821
53632
8408
60673
5571
51422
5565
5564
6794
8678
5289
55626
22863
30849
9706
201163
9474
84232
7405
11345
64422
79065
23710
55062
83734
9140
55054
84557
26100
23192
11337
115201
81631
8878
440738
84971
10533
84938
55102
23130
89849
107080638
83667
4303
7533
7157
10971
2810
7534
23216
200186
7532
54541
7531
572
9882
23411
1456
5894
5566
673
5604
5568
5605
5521
598
664
995
25776
5300
5515
8844
369
3845
10018
3265
4893
5578
4140
283455
8826
10827
22866
9715
57670
10256
23164
55109
56829
1185
57085
22906
9061
5037
8087
11044
54518
27044
4000
55750
9444
54845
80853
8805
5908
1445
5906
8546
7094
10142
3674
7450
2244
3690
409
7414
2335
2266
408
2243
54756
6714
3717
5290
3480
5747
6464
6654
5770
1398
9564
3479
5295
8660
5590
5580
3932
5581
2885
2674
5829
5979
2668
5781
9846
5293
5291
1399
3561
2534
4067
3716
5159
2549
1950
3791
2065
5155
7422
4233
387
4803
1956
5296
2064
7525
8503
2066
3718
6774
3559
3560
6850
2185
3558
3055
867
1439
1437
1438
3568
3562
6777
3563
3815
6776
5156
3567
3635
5335
3630
3636
5294
2889
25759
53358
3643
5579
627
3084
4914
10818
2247
2261
2252
5921
4908
4915
399694
2263
9965
2254
2321
2246
2249
8823
2248
8817
2264
2255
2251
10817
27006
26281
2260
2322
7010
5154
2324
613
8074
152831
4254
284
3688
7424
5777
3569
2056
2057
6772
3570
1969
4909
3481
1499
2676
2675
4902
64096
5623
9048
1796
2886
2887
9046
4690
5336
4916
5879
